opossum|noun|masculine					
https://www.cnrtl.fr/definition/58803					
http://kaiko.getalp.org/dbnary/fra/opossum__nom__1					
	UND-1	Sarigue de l'ordre des Marsupiaux, qui vit en Amérique, de la taille d'un écureuil, au pelage fin et long, grisâtre ou brun.	related	Opossum d’Océanie, nom vernaculaire donné, en français, à certains marsupiaux herbivores comme le phalanger ou cousou (ou encore couscous) ou le wyulda.	http://kaiko.getalp.org/dbnary/fra/__ws_3_opossum__nom__1
	UND-1	Sarigue de l'ordre des Marsupiaux, qui vit en Amérique, de la taille d'un écureuil, au pelage fin et long, grisâtre ou brun.	narrower	Opossum d'Amérique, nom vernaculaire donné à plusieurs espèces de sarigues vivant sur le continent américain.	http://kaiko.getalp.org/dbnary/fra/__ws_1_opossum__nom__1
	UND-1	Sarigue de l'ordre des Marsupiaux, qui vit en Amérique, de la taille d'un écureuil, au pelage fin et long, grisâtre ou brun.	none	(Par métonymie) Fourrure de cet animal.	http://kaiko.getalp.org/dbnary/fra/__ws_2_opossum__nom__1
	UND-2	Fourrure de sarigue grise ou brune, ou teinte en imitant la fourrure de la martre ou du sconse.	none	Opossum d’Océanie, nom vernaculaire donné, en français, à certains marsupiaux herbivores comme le phalanger ou cousou (ou encore couscous) ou le wyulda.	http://kaiko.getalp.org/dbnary/fra/__ws_3_opossum__nom__1
	UND-2	Fourrure de sarigue grise ou brune, ou teinte en imitant la fourrure de la martre ou du sconse.	none	Opossum d'Amérique, nom vernaculaire donné à plusieurs espèces de sarigues vivant sur le continent américain.	http://kaiko.getalp.org/dbnary/fra/__ws_1_opossum__nom__1
	UND-2	Fourrure de sarigue grise ou brune, ou teinte en imitant la fourrure de la martre ou du sconse.	narrower	(Par métonymie) Fourrure de cet animal.	http://kaiko.getalp.org/dbnary/fra/__ws_2_opossum__nom__1
physiognomonie|noun|feminine					
https://www.cnrtl.fr/definition/64159					
http://kaiko.getalp.org/dbnary/fra/physiognomonie__nom__1					
	UND-1	Étude du tempérament et du caractère d'une personne à partir de la forme, des traits et des expressions du visage.	narrower	Étude du caractère à partir des traits du visage → voir physionomie.	http://kaiko.getalp.org/dbnary/fra/__ws_1_physiognomonie__nom__1
	UND-1	Étude du tempérament et du caractère d'une personne à partir de la forme, des traits et des expressions du visage.	none	Traité qui a cette matière pour sujet.	http://kaiko.getalp.org/dbnary/fra/__ws_2_physiognomonie__nom__1
	UND-2	Ouvrage traitant de cette technique, de son application.	none	Étude du caractère à partir des traits du visage → voir physionomie.	http://kaiko.getalp.org/dbnary/fra/__ws_1_physiognomonie__nom__1
	UND-2	Ouvrage traitant de cette technique, de son application.	broader	Traité qui a cette matière pour sujet.	http://kaiko.getalp.org/dbnary/fra/__ws_2_physiognomonie__nom__1
brave|adjective|					
https://www.cnrtl.fr/definition/14341					
http://kaiko.getalp.org/dbnary/fra/brave__adj__1					
	I._A._2.UND-2	Qui ne craint pas les dangers, les entreprises difficiles, qui est prêt à les affronter avec courage.	none	(Familier) En s’adressant à des gens de condition inférieure.	http://kaiko.getalp.org/dbnary/fra/__ws_6_brave__adj__1
	I._A._2.UND-2	Qui ne craint pas les dangers, les entreprises difficiles, qui est prêt à les affronter avec courage.	narrower	Courageux ; vaillant	http://kaiko.getalp.org/dbnary/fra/__ws_1_brave__adj__1
	I._A._2.UND-2	Qui ne craint pas les dangers, les entreprises difficiles, qui est prêt à les affronter avec courage.	none	(Occitanie) Gentil, serviable, accommodant, obligeant.	http://kaiko.getalp.org/dbnary/fra/__ws_4_brave__adj__1
	I._A._2.UND-2	Qui ne craint pas les dangers, les entreprises difficiles, qui est prêt à les affronter avec courage.	none	(Familier) Qualifie une personne très gentille mais un peu stupide.	http://kaiko.getalp.org/dbnary/fra/__ws_3_brave__adj__1
	I._A._2.UND-2	Qui ne craint pas les dangers, les entreprises difficiles, qui est prêt à les affronter avec courage.	none	(Vieilli) Qui a un costume soigné.	http://kaiko.getalp.org/dbnary/fra/__ws_5_brave__adj__1
	I._A._2.UND-2	Qui ne craint pas les dangers, les entreprises difficiles, qui est prêt à les affronter avec courage.	none	Serviable ; honnête ; bon ; obligeant.	http://kaiko.getalp.org/dbnary/fra/__ws_2_brave__adj__1
	I._A._2.UND-2	Qui ne craint pas les dangers, les entreprises difficiles, qui est prêt à les affronter avec courage.	none	(Occitanie) Fort, grand, important.	http://kaiko.getalp.org/dbnary/fra/__ws_7_brave__adj__1
	I._A._2.UND-8	Qui possède des qualités de droiture, de loyauté, d'honnêteté et fait des actions qui relèvent de ces qualités.	none	(Familier) En s’adressant à des gens de condition inférieure.	http://kaiko.getalp.org/dbnary/fra/__ws_6_brave__adj__1
	I._A._2.UND-8	Qui possède des qualités de droiture, de loyauté, d'honnêteté et fait des actions qui relèvent de ces qualités.	none	Courageux ; vaillant	http://kaiko.getalp.org/dbnary/fra/__ws_1_brave__adj__1
	I._A._2.UND-8	Qui possède des qualités de droiture, de loyauté, d'honnêteté et fait des actions qui relèvent de ces qualités.	none	(Occitanie) Gentil, serviable, accommodant, obligeant.	http://kaiko.getalp.org/dbnary/fra/__ws_4_brave__adj__1
	I._A._2.UND-8	Qui possède des qualités de droiture, de loyauté, d'honnêteté et fait des actions qui relèvent de ces qualités.	none	(Familier) Qualifie une personne très gentille mais un peu stupide.	http://kaiko.getalp.org/dbnary/fra/__ws_3_brave__adj__1
	I._A._2.UND-8	Qui possède des qualités de droiture, de loyauté, d'honnêteté et fait des actions qui relèvent de ces qualités.	none	(Vieilli) Qui a un costume soigné.	http://kaiko.getalp.org/dbnary/fra/__ws_5_brave__adj__1
	I._A._2.UND-8	Qui possède des qualités de droiture, de loyauté, d'honnêteté et fait des actions qui relèvent de ces qualités.	related	Serviable ; honnête ; bon ; obligeant.	http://kaiko.getalp.org/dbnary/fra/__ws_2_brave__adj__1
	I._A._2.UND-8	Qui possède des qualités de droiture, de loyauté, d'honnêteté et fait des actions qui relèvent de ces qualités.	none	(Occitanie) Fort, grand, important.	http://kaiko.getalp.org/dbnary/fra/__ws_7_brave__adj__1
	I._A._UND-1	(Qui est) bien habillé, qui a une belle apparence, (qui est) beau/belle (grâce à ses habits, ses bijoux, etc.).	none	(Familier) En s’adressant à des gens de condition inférieure.	http://kaiko.getalp.org/dbnary/fra/__ws_6_brave__adj__1
	I._A._UND-1	(Qui est) bien habillé, qui a une belle apparence, (qui est) beau/belle (grâce à ses habits, ses bijoux, etc.).	none	Courageux ; vaillant	http://kaiko.getalp.org/dbnary/fra/__ws_1_brave__adj__1
	I._A._UND-1	(Qui est) bien habillé, qui a une belle apparence, (qui est) beau/belle (grâce à ses habits, ses bijoux, etc.).	none	(Occitanie) Gentil, serviable, accommodant, obligeant.	http://kaiko.getalp.org/dbnary/fra/__ws_4_brave__adj__1
	I._A._UND-1	(Qui est) bien habillé, qui a une belle apparence, (qui est) beau/belle (grâce à ses habits, ses bijoux, etc.).	none	(Familier) Qualifie une personne très gentille mais un peu stupide.	http://kaiko.getalp.org/dbnary/fra/__ws_3_brave__adj__1
	I._A._UND-1	(Qui est) bien habillé, qui a une belle apparence, (qui est) beau/belle (grâce à ses habits, ses bijoux, etc.).	narrower	(Vieilli) Qui a un costume soigné.	http://kaiko.getalp.org/dbnary/fra/__ws_5_brave__adj__1
	I._A._UND-1	(Qui est) bien habillé, qui a une belle apparence, (qui est) beau/belle (grâce à ses habits, ses bijoux, etc.).	none	Serviable ; honnête ; bon ; obligeant.	http://kaiko.getalp.org/dbnary/fra/__ws_2_brave__adj__1
	I._A._UND-1	(Qui est) bien habillé, qui a une belle apparence, (qui est) beau/belle (grâce à ses habits, ses bijoux, etc.).	none	(Occitanie) Fort, grand, important.	http://kaiko.getalp.org/dbnary/fra/__ws_7_brave__adj__1
	I._B._UND-11	Beau/belle	none	(Familier) En s’adressant à des gens de condition inférieure.	http://kaiko.getalp.org/dbnary/fra/__ws_6_brave__adj__1
	I._B._UND-11	Beau/belle	none	Courageux ; vaillant	http://kaiko.getalp.org/dbnary/fra/__ws_1_brave__adj__1
	I._B._UND-11	Beau/belle	none	(Occitanie) Gentil, serviable, accommodant, obligeant.	http://kaiko.getalp.org/dbnary/fra/__ws_4_brave__adj__1
	I._B._UND-11	Beau/belle	none	(Familier) Qualifie une personne très gentille mais un peu stupide.	http://kaiko.getalp.org/dbnary/fra/__ws_3_brave__adj__1
	I._B._UND-11	Beau/belle	broader	(Vieilli) Qui a un costume soigné.	http://kaiko.getalp.org/dbnary/fra/__ws_5_brave__adj__1
	I._B._UND-11	Beau/belle	none	Serviable ; honnête ; bon ; obligeant.	http://kaiko.getalp.org/dbnary/fra/__ws_2_brave__adj__1
	I._B._UND-11	Beau/belle	none	(Occitanie) Fort, grand, important.	http://kaiko.getalp.org/dbnary/fra/__ws_7_brave__adj__1
	I._B._UND-12	Courageux, vaillant	none	(Familier) En s’adressant à des gens de condition inférieure.	http://kaiko.getalp.org/dbnary/fra/__ws_6_brave__adj__1
	I._B._UND-12	Courageux, vaillant	exact	Courageux ; vaillant	http://kaiko.getalp.org/dbnary/fra/__ws_1_brave__adj__1
	I._B._UND-12	Courageux, vaillant	none	(Occitanie) Gentil, serviable, accommodant, obligeant.	http://kaiko.getalp.org/dbnary/fra/__ws_4_brave__adj__1
	I._B._UND-12	Courageux, vaillant	none	(Familier) Qualifie une personne très gentille mais un peu stupide.	http://kaiko.getalp.org/dbnary/fra/__ws_3_brave__adj__1
	I._B._UND-12	Courageux, vaillant	none	(Vieilli) Qui a un costume soigné.	http://kaiko.getalp.org/dbnary/fra/__ws_5_brave__adj__1
	I._B._UND-12	Courageux, vaillant	none	Serviable ; honnête ; bon ; obligeant.	http://kaiko.getalp.org/dbnary/fra/__ws_2_brave__adj__1
	I._B._UND-12	Courageux, vaillant	none	(Occitanie) Fort, grand, important.	http://kaiko.getalp.org/dbnary/fra/__ws_7_brave__adj__1
	I._B._UND-13	Bon, gentil	none	(Familier) En s’adressant à des gens de condition inférieure.	http://kaiko.getalp.org/dbnary/fra/__ws_6_brave__adj__1
	I._B._UND-13	Bon, gentil	none	Courageux ; vaillant	http://kaiko.getalp.org/dbnary/fra/__ws_1_brave__adj__1
	I._B._UND-13	Bon, gentil	broader	(Occitanie) Gentil, serviable, accommodant, obligeant.	http://kaiko.getalp.org/dbnary/fra/__ws_4_brave__adj__1
	I._B._UND-13	Bon, gentil	related	(Familier) Qualifie une personne très gentille mais un peu stupide.	http://kaiko.getalp.org/dbnary/fra/__ws_3_brave__adj__1
	I._B._UND-13	Bon, gentil	none	(Vieilli) Qui a un costume soigné.	http://kaiko.getalp.org/dbnary/fra/__ws_5_brave__adj__1
	I._B._UND-13	Bon, gentil	broader	Serviable ; honnête ; bon ; obligeant.	http://kaiko.getalp.org/dbnary/fra/__ws_2_brave__adj__1
	I._B._UND-13	Bon, gentil	none	(Occitanie) Fort, grand, important.	http://kaiko.getalp.org/dbnary/fra/__ws_7_brave__adj__1
	I._C._UND-15	Excellent	none	(Familier) En s’adressant à des gens de condition inférieure.	http://kaiko.getalp.org/dbnary/fra/__ws_6_brave__adj__1
	I._C._UND-15	Excellent	none	Courageux ; vaillant	http://kaiko.getalp.org/dbnary/fra/__ws_1_brave__adj__1
	I._C._UND-15	Excellent	none	(Occitanie) Gentil, serviable, accommodant, obligeant.	http://kaiko.getalp.org/dbnary/fra/__ws_4_brave__adj__1
	I._C._UND-15	Excellent	none	(Familier) Qualifie une personne très gentille mais un peu stupide.	http://kaiko.getalp.org/dbnary/fra/__ws_3_brave__adj__1
	I._C._UND-15	Excellent	none	(Vieilli) Qui a un costume soigné.	http://kaiko.getalp.org/dbnary/fra/__ws_5_brave__adj__1
	I._C._UND-15	Excellent	none	Serviable ; honnête ; bon ; obligeant.	http://kaiko.getalp.org/dbnary/fra/__ws_2_brave__adj__1
	I._C._UND-15	Excellent	none	(Occitanie) Fort, grand, important.	http://kaiko.getalp.org/dbnary/fra/__ws_7_brave__adj__1
	II._A._2.UND-20	Vaillant soldat.	none	(Familier) En s’adressant à des gens de condition inférieure.	http://kaiko.getalp.org/dbnary/fra/__ws_6_brave__adj__1
	II._A._2.UND-20	Vaillant soldat.	narrower	Courageux ; vaillant	http://kaiko.getalp.org/dbnary/fra/__ws_1_brave__adj__1
	II._A._2.UND-20	Vaillant soldat.	none	(Occitanie) Gentil, serviable, accommodant, obligeant.	http://kaiko.getalp.org/dbnary/fra/__ws_4_brave__adj__1
	II._A._2.UND-20	Vaillant soldat.	none	(Familier) Qualifie une personne très gentille mais un peu stupide.	http://kaiko.getalp.org/dbnary/fra/__ws_3_brave__adj__1
	II._A._2.UND-20	Vaillant soldat.	none	(Vieilli) Qui a un costume soigné.	http://kaiko.getalp.org/dbnary/fra/__ws_5_brave__adj__1
	II._A._2.UND-20	Vaillant soldat.	none	Serviable ; honnête ; bon ; obligeant.	http://kaiko.getalp.org/dbnary/fra/__ws_2_brave__adj__1
	II._A._2.UND-20	Vaillant soldat.	none	(Occitanie) Fort, grand, important.	http://kaiko.getalp.org/dbnary/fra/__ws_7_brave__adj__1
	II._A._2.UND-24	Soldat d'une bravoure éprouvée.	none	(Familier) En s’adressant à des gens de condition inférieure.	http://kaiko.getalp.org/dbnary/fra/__ws_6_brave__adj__1
	II._A._2.UND-24	Soldat d'une bravoure éprouvée.	narrower	Courageux ; vaillant	http://kaiko.getalp.org/dbnary/fra/__ws_1_brave__adj__1
	II._A._2.UND-24	Soldat d'une bravoure éprouvée.	none	(Occitanie) Gentil, serviable, accommodant, obligeant.	http://kaiko.getalp.org/dbnary/fra/__ws_4_brave__adj__1
	II._A._2.UND-24	Soldat d'une bravoure éprouvée.	none	(Familier) Qualifie une personne très gentille mais un peu stupide.	http://kaiko.getalp.org/dbnary/fra/__ws_3_brave__adj__1
	II._A._2.UND-24	Soldat d'une bravoure éprouvée.	none	(Vieilli) Qui a un costume soigné.	http://kaiko.getalp.org/dbnary/fra/__ws_5_brave__adj__1
	II._A._2.UND-24	Soldat d'une bravoure éprouvée.	none	Serviable ; honnête ; bon ; obligeant.	http://kaiko.getalp.org/dbnary/fra/__ws_2_brave__adj__1
	II._A._2.UND-24	Soldat d'une bravoure éprouvée.	none	(Occitanie) Fort, grand, important.	http://kaiko.getalp.org/dbnary/fra/__ws_7_brave__adj__1
	II._A._2.UND-25	Homme dont la profession est de se battre	none	(Familier) En s’adressant à des gens de condition inférieure.	http://kaiko.getalp.org/dbnary/fra/__ws_6_brave__adj__1
	II._A._2.UND-25	Homme dont la profession est de se battre	none	Courageux ; vaillant	http://kaiko.getalp.org/dbnary/fra/__ws_1_brave__adj__1
	II._A._2.UND-25	Homme dont la profession est de se battre	none	(Occitanie) Gentil, serviable, accommodant, obligeant.	http://kaiko.getalp.org/dbnary/fra/__ws_4_brave__adj__1
	II._A._2.UND-25	Homme dont la profession est de se battre	none	(Familier) Qualifie une personne très gentille mais un peu stupide.	http://kaiko.getalp.org/dbnary/fra/__ws_3_brave__adj__1
	II._A._2.UND-25	Homme dont la profession est de se battre	none	(Vieilli) Qui a un costume soigné.	http://kaiko.getalp.org/dbnary/fra/__ws_5_brave__adj__1
	II._A._2.UND-25	Homme dont la profession est de se battre	none	Serviable ; honnête ; bon ; obligeant.	http://kaiko.getalp.org/dbnary/fra/__ws_2_brave__adj__1
	II._A._2.UND-25	Homme dont la profession est de se battre	none	(Occitanie) Fort, grand, important.	http://kaiko.getalp.org/dbnary/fra/__ws_7_brave__adj__1
	II._A._UND-19	Homme courageux qui ne craint pas les dangers ou les entreprises difficiles, qui les a affrontés.	none	(Familier) En s’adressant à des gens de condition inférieure.	http://kaiko.getalp.org/dbnary/fra/__ws_6_brave__adj__1
	II._A._UND-19	Homme courageux qui ne craint pas les dangers ou les entreprises difficiles, qui les a affrontés.	narrower	Courageux ; vaillant	http://kaiko.getalp.org/dbnary/fra/__ws_1_brave__adj__1
	II._A._UND-19	Homme courageux qui ne craint pas les dangers ou les entreprises difficiles, qui les a affrontés.	none	(Occitanie) Gentil, serviable, accommodant, obligeant.	http://kaiko.getalp.org/dbnary/fra/__ws_4_brave__adj__1
	II._A._UND-19	Homme courageux qui ne craint pas les dangers ou les entreprises difficiles, qui les a affrontés.	none	(Familier) Qualifie une personne très gentille mais un peu stupide.	http://kaiko.getalp.org/dbnary/fra/__ws_3_brave__adj__1
	II._A._UND-19	Homme courageux qui ne craint pas les dangers ou les entreprises difficiles, qui les a affrontés.	none	(Vieilli) Qui a un costume soigné.	http://kaiko.getalp.org/dbnary/fra/__ws_5_brave__adj__1
	II._A._UND-19	Homme courageux qui ne craint pas les dangers ou les entreprises difficiles, qui les a affrontés.	none	Serviable ; honnête ; bon ; obligeant.	http://kaiko.getalp.org/dbnary/fra/__ws_2_brave__adj__1
	II._A._UND-19	Homme courageux qui ne craint pas les dangers ou les entreprises difficiles, qui les a affrontés.	none	(Occitanie) Fort, grand, important.	http://kaiko.getalp.org/dbnary/fra/__ws_7_brave__adj__1
badinage|noun|masculine					
https://www.cnrtl.fr/definition/11012					
http://kaiko.getalp.org/dbnary/fra/badinage__nom__1					
	A._1.UND-1	Agaceries plus ou moins insistantes dans le flirt	none	Action de badiner, propos léger, qui ne prête pas à conséquences.	http://kaiko.getalp.org/dbnary/fra/__ws_1_badinage__nom__1
	A._1.UND-1	Agaceries plus ou moins insistantes dans le flirt	none	(Figuré) (Familier) Tâche qui se réalise sans peine.	http://kaiko.getalp.org/dbnary/fra/__ws_2_badinage__nom__1
	A._3.UND-4	Style badin	related	Action de badiner, propos léger, qui ne prête pas à conséquences.	http://kaiko.getalp.org/dbnary/fra/__ws_1_badinage__nom__1
	A._3.UND-4	Style badin	none	(Figuré) (Familier) Tâche qui se réalise sans peine.	http://kaiko.getalp.org/dbnary/fra/__ws_2_badinage__nom__1
	A._3.UND-5	Composition ou exécution d'allure légère, gaie et pleine de fantaisie.	related	Action de badiner, propos léger, qui ne prête pas à conséquences.	http://kaiko.getalp.org/dbnary/fra/__ws_1_badinage__nom__1
	A._3.UND-5	Composition ou exécution d'allure légère, gaie et pleine de fantaisie.	related	(Figuré) (Familier) Tâche qui se réalise sans peine.	http://kaiko.getalp.org/dbnary/fra/__ws_2_badinage__nom__1
	A._UND-2	Plaisanterie légère, divertissement puéril, jeu où se mêlent la fantaisie et la gaieté	narrower	Action de badiner, propos léger, qui ne prête pas à conséquences.	http://kaiko.getalp.org/dbnary/fra/__ws_1_badinage__nom__1
	A._UND-2	Plaisanterie légère, divertissement puéril, jeu où se mêlent la fantaisie et la gaieté	none	(Figuré) (Familier) Tâche qui se réalise sans peine.	http://kaiko.getalp.org/dbnary/fra/__ws_2_badinage__nom__1
	A._UND-3	Manière élégante, gracieuse et légère d'agrémenter une conversation; propos dits sur un ton badin	related	Action de badiner, propos léger, qui ne prête pas à conséquences.	http://kaiko.getalp.org/dbnary/fra/__ws_1_badinage__nom__1
	A._UND-3	Manière élégante, gracieuse et légère d'agrémenter une conversation; propos dits sur un ton badin	none	(Figuré) (Familier) Tâche qui se réalise sans peine.	http://kaiko.getalp.org/dbnary/fra/__ws_2_badinage__nom__1
	B._UND-7	Joujou, jouet, amusette.	none	Action de badiner, propos léger, qui ne prête pas à conséquences.	http://kaiko.getalp.org/dbnary/fra/__ws_1_badinage__nom__1
	B._UND-7	Joujou, jouet, amusette.	none	(Figuré) (Familier) Tâche qui se réalise sans peine.	http://kaiko.getalp.org/dbnary/fra/__ws_2_badinage__nom__1
	B._UND-9	Travail facile à accomplir et que l'on fait par jeu et sans effort.	none	Action de badiner, propos léger, qui ne prête pas à conséquences.	http://kaiko.getalp.org/dbnary/fra/__ws_1_badinage__nom__1
	B._UND-9	Travail facile à accomplir et que l'on fait par jeu et sans effort.	narrower	(Figuré) (Familier) Tâche qui se réalise sans peine.	http://kaiko.getalp.org/dbnary/fra/__ws_2_badinage__nom__1
	UND-10	Chose de peu d'importance, bagatelle.	related	Action de badiner, propos léger, qui ne prête pas à conséquences.	http://kaiko.getalp.org/dbnary/fra/__ws_1_badinage__nom__1
	UND-10	Chose de peu d'importance, bagatelle.	none	(Figuré) (Familier) Tâche qui se réalise sans peine.	http://kaiko.getalp.org/dbnary/fra/__ws_2_badinage__nom__1
	UND-11	Manière de chasser les canards en les attirant à l'aide d'un chien courant au bord de l'eau.	none	Action de badiner, propos léger, qui ne prête pas à conséquences.	http://kaiko.getalp.org/dbnary/fra/__ws_1_badinage__nom__1
	UND-11	Manière de chasser les canards en les attirant à l'aide d'un chien courant au bord de l'eau.	none	(Figuré) (Familier) Tâche qui se réalise sans peine.	http://kaiko.getalp.org/dbnary/fra/__ws_2_badinage__nom__1
	UND-6	Action de badiner; chose que l'on fait, dit ou écrit d'une manière badine.	exact	Action de badiner, propos léger, qui ne prête pas à conséquences.	http://kaiko.getalp.org/dbnary/fra/__ws_1_badinage__nom__1
	UND-6	Action de badiner; chose que l'on fait, dit ou écrit d'une manière badine.	none	(Figuré) (Familier) Tâche qui se réalise sans peine.	http://kaiko.getalp.org/dbnary/fra/__ws_2_badinage__nom__1
benjoin|noun|masculine					
https://www.cnrtl.fr/definition/12238					
http://kaiko.getalp.org/dbnary/fra/benjoin__nom__1					
	UND-1	Substance résineuse aromatique d'odeur vanillée, obtenue par incision du tronc du et utilisée notamment en parfumerie (comme fixateur) et en médecine (pour le traitement de certaines affections respiratoires)	related	Sorte de baume, substance aromatique et résineuse qui découle des incisions faites au Styrax benjoin, arbre d’Extrême-Orient.	http://kaiko.getalp.org/dbnary/fra/__ws_1_benjoin__nom__1
	UND-2	Réaction de floculation d'une suspension colloïdale de benjoin par le liquide céphalo-rachidien, utilisée comme moyen de diagnostic de la syphilis et des méningites	none	Sorte de baume, substance aromatique et résineuse qui découle des incisions faites au Styrax benjoin, arbre d’Extrême-Orient.	http://kaiko.getalp.org/dbnary/fra/__ws_1_benjoin__nom__1
flexible|adjective|					
https://www.cnrtl.fr/definition/34823					
http://kaiko.getalp.org/dbnary/fra/flexible__adj__1					
	I._A._1.UND-2	Souple.	exact	(Par extension) Souple.	http://kaiko.getalp.org/dbnary/fra/__ws_2_flexible__adj__1
	I._A._1.UND-2	Souple.	exact	(Figuré) Malléable.	http://kaiko.getalp.org/dbnary/fra/__ws_4_flexible__adj__1
	I._A._1.UND-2	Souple.	broader	Qui se fléchit aisément.	http://kaiko.getalp.org/dbnary/fra/__ws_1_flexible__adj__1
	I._A._1.UND-2	Souple.	none	(Économie, Industrie) (Anglicisme) Qualifie ce qui est facile à réaménager, à reconfigurer ou à modifier.	http://kaiko.getalp.org/dbnary/fra/__ws_5_flexible__adj__1
	I._A._1.UND-2	Souple.	none	(Par analogie) Qualifie une voix qui passe facilement d’un ton à un autre.	http://kaiko.getalp.org/dbnary/fra/__ws_3_flexible__adj__1
	I._A._1.UND-3	Qui est souple avec grâce.	narrower	(Par extension) Souple.	http://kaiko.getalp.org/dbnary/fra/__ws_2_flexible__adj__1
	I._A._1.UND-3	Qui est souple avec grâce.	related	(Figuré) Malléable.	http://kaiko.getalp.org/dbnary/fra/__ws_4_flexible__adj__1
	I._A._1.UND-3	Qui est souple avec grâce.	related	Qui se fléchit aisément.	http://kaiko.getalp.org/dbnary/fra/__ws_1_flexible__adj__1
	I._A._1.UND-3	Qui est souple avec grâce.	none	(Économie, Industrie) (Anglicisme) Qualifie ce qui est facile à réaménager, à reconfigurer ou à modifier.	http://kaiko.getalp.org/dbnary/fra/__ws_5_flexible__adj__1
	I._A._1.UND-3	Qui est souple avec grâce.	none	(Par analogie) Qualifie une voix qui passe facilement d’un ton à un autre.	http://kaiko.getalp.org/dbnary/fra/__ws_3_flexible__adj__1
	I._A._UND-4	Qui se plie aisément, qui ploie, se courbe sans casser.	narrower	(Par extension) Souple.	http://kaiko.getalp.org/dbnary/fra/__ws_2_flexible__adj__1
	I._A._UND-4	Qui se plie aisément, qui ploie, se courbe sans casser.	narrower	(Figuré) Malléable.	http://kaiko.getalp.org/dbnary/fra/__ws_4_flexible__adj__1
	I._A._UND-4	Qui se plie aisément, qui ploie, se courbe sans casser.	narrower	Qui se fléchit aisément.	http://kaiko.getalp.org/dbnary/fra/__ws_1_flexible__adj__1
	I._A._UND-4	Qui se plie aisément, qui ploie, se courbe sans casser.	none	(Économie, Industrie) (Anglicisme) Qualifie ce qui est facile à réaménager, à reconfigurer ou à modifier.	http://kaiko.getalp.org/dbnary/fra/__ws_5_flexible__adj__1
	I._A._UND-4	Qui se plie aisément, qui ploie, se courbe sans casser.	none	(Par analogie) Qualifie une voix qui passe facilement d’un ton à un autre.	http://kaiko.getalp.org/dbnary/fra/__ws_3_flexible__adj__1
	I._A._UND-5	Qui passe de façon souple et aisée d'un registre à un autre.	none	(Par extension) Souple.	http://kaiko.getalp.org/dbnary/fra/__ws_2_flexible__adj__1
	I._A._UND-5	Qui passe de façon souple et aisée d'un registre à un autre.	none	(Figuré) Malléable.	http://kaiko.getalp.org/dbnary/fra/__ws_4_flexible__adj__1
	I._A._UND-5	Qui passe de façon souple et aisée d'un registre à un autre.	none	Qui se fléchit aisément.	http://kaiko.getalp.org/dbnary/fra/__ws_1_flexible__adj__1
	I._A._UND-5	Qui passe de façon souple et aisée d'un registre à un autre.	none	(Économie, Industrie) (Anglicisme) Qualifie ce qui est facile à réaménager, à reconfigurer ou à modifier.	http://kaiko.getalp.org/dbnary/fra/__ws_5_flexible__adj__1
	I._A._UND-5	Qui passe de façon souple et aisée d'un registre à un autre.	exact	(Par analogie) Qualifie une voix qui passe facilement d’un ton à un autre.	http://kaiko.getalp.org/dbnary/fra/__ws_3_flexible__adj__1
	I._B._UND-9	Susceptible de fluctuations, de modifications selon les circonstances.	narrower	(Par extension) Souple.	http://kaiko.getalp.org/dbnary/fra/__ws_2_flexible__adj__1
	I._B._UND-9	Susceptible de fluctuations, de modifications selon les circonstances.	related	(Figuré) Malléable.	http://kaiko.getalp.org/dbnary/fra/__ws_4_flexible__adj__1
	I._B._UND-9	Susceptible de fluctuations, de modifications selon les circonstances.	none	Qui se fléchit aisément.	http://kaiko.getalp.org/dbnary/fra/__ws_1_flexible__adj__1
	I._B._UND-9	Susceptible de fluctuations, de modifications selon les circonstances.	none	(Économie, Industrie) (Anglicisme) Qualifie ce qui est facile à réaménager, à reconfigurer ou à modifier.	http://kaiko.getalp.org/dbnary/fra/__ws_5_flexible__adj__1
	I._B._UND-9	Susceptible de fluctuations, de modifications selon les circonstances.	none	(Par analogie) Qualifie une voix qui passe facilement d’un ton à un autre.	http://kaiko.getalp.org/dbnary/fra/__ws_3_flexible__adj__1
	I._UND-10	Qui est accessible à des influences diverses, capable de se modifier et de s'adapter.	narrower	(Par extension) Souple.	http://kaiko.getalp.org/dbnary/fra/__ws_2_flexible__adj__1
	I._UND-10	Qui est accessible à des influences diverses, capable de se modifier et de s'adapter.	related	(Figuré) Malléable.	http://kaiko.getalp.org/dbnary/fra/__ws_4_flexible__adj__1
	I._UND-10	Qui est accessible à des influences diverses, capable de se modifier et de s'adapter.	none	Qui se fléchit aisément.	http://kaiko.getalp.org/dbnary/fra/__ws_1_flexible__adj__1
	I._UND-10	Qui est accessible à des influences diverses, capable de se modifier et de s'adapter.	none	(Économie, Industrie) (Anglicisme) Qualifie ce qui est facile à réaménager, à reconfigurer ou à modifier.	http://kaiko.getalp.org/dbnary/fra/__ws_5_flexible__adj__1
	I._UND-10	Qui est accessible à des influences diverses, capable de se modifier et de s'adapter.	none	(Par analogie) Qualifie une voix qui passe facilement d’un ton à un autre.	http://kaiko.getalp.org/dbnary/fra/__ws_3_flexible__adj__1
	I._UND-6	Qui peut être fléchi.	related	(Par extension) Souple.	http://kaiko.getalp.org/dbnary/fra/__ws_2_flexible__adj__1
	I._UND-6	Qui peut être fléchi.	related	(Figuré) Malléable.	http://kaiko.getalp.org/dbnary/fra/__ws_4_flexible__adj__1
	I._UND-6	Qui peut être fléchi.	exact	Qui se fléchit aisément.	http://kaiko.getalp.org/dbnary/fra/__ws_1_flexible__adj__1
	I._UND-6	Qui peut être fléchi.	related	(Économie, Industrie) (Anglicisme) Qualifie ce qui est facile à réaménager, à reconfigurer ou à modifier.	http://kaiko.getalp.org/dbnary/fra/__ws_5_flexible__adj__1
	I._UND-6	Qui peut être fléchi.	none	(Par analogie) Qualifie une voix qui passe facilement d’un ton à un autre.	http://kaiko.getalp.org/dbnary/fra/__ws_3_flexible__adj__1
	II._UND-12	Organe souple transmettant un mouvement de rotation (outillage portatif).	none	(Par extension) Souple.	http://kaiko.getalp.org/dbnary/fra/__ws_2_flexible__adj__1
	II._UND-12	Organe souple transmettant un mouvement de rotation (outillage portatif).	none	(Figuré) Malléable.	http://kaiko.getalp.org/dbnary/fra/__ws_4_flexible__adj__1
	II._UND-12	Organe souple transmettant un mouvement de rotation (outillage portatif).	none	Qui se fléchit aisément.	http://kaiko.getalp.org/dbnary/fra/__ws_1_flexible__adj__1
	II._UND-12	Organe souple transmettant un mouvement de rotation (outillage portatif).	none	(Économie, Industrie) (Anglicisme) Qualifie ce qui est facile à réaménager, à reconfigurer ou à modifier.	http://kaiko.getalp.org/dbnary/fra/__ws_5_flexible__adj__1
	II._UND-12	Organe souple transmettant un mouvement de rotation (outillage portatif).	none	(Par analogie) Qualifie une voix qui passe facilement d’un ton à un autre.	http://kaiko.getalp.org/dbnary/fra/__ws_3_flexible__adj__1
crawl|noun|masculine					
https://www.cnrtl.fr/definition/22969					
http://kaiko.getalp.org/dbnary/fra/crawl__nom__1					
	UND_1	Nage rapide sur le ventre, comportant un battement continu des jambes et un mouvement alternatif de rotation des bras, qui sont projetés dans l'eau verticalement.	exact	(Natation) Nage en position ventrale associant des battements de jambes dans le sens vertical et des mouvements de bras circulaires, verticaux et alternés dans le sens de la nage.	http://kaiko.getalp.org/dbnary/fra/__ws_1_crawl__nom__1
	UND_1	Nage rapide sur le ventre, comportant un battement continu des jambes et un mouvement alternatif de rotation des bras, qui sont projetés dans l'eau verticalement.	none	(Cinéma, Télévision) Message ou générique défilant verticalement ou horizontalement sur fond neutre ou en superposition d’images statiques ou animées.	http://kaiko.getalp.org/dbnary/fra/__ws_2_crawl__nom__1
cruellement|adverb|					
https://www.cnrtl.fr/definition/23364					
http://kaiko.getalp.org/dbnary/fra/cruellement__adv__1					
	B._UND-1	D'une manière cruelle, qui fait souffrir par ses effets (involontairement) très pénibles.	narrower	D’une manière cruelle, avec cruauté.	http://kaiko.getalp.org/dbnary/fra/__ws_1_cruellement__adv__1
	B._UND-1	D'une manière cruelle, qui fait souffrir par ses effets (involontairement) très pénibles.	narrower	D’une façon douloureuse.	http://kaiko.getalp.org/dbnary/fra/__ws_2_cruellement__adv__1
	B._UND-1	D'une manière cruelle, qui fait souffrir par ses effets (involontairement) très pénibles.	none	(Familier) Cruellement laid, très laid.	http://kaiko.getalp.org/dbnary/fra/__ws_3_cruellement__adv__1
	UND-2	Beaucoup, à l'extrême.	none	D’une manière cruelle, avec cruauté.	http://kaiko.getalp.org/dbnary/fra/__ws_1_cruellement__adv__1
	UND-2	Beaucoup, à l'extrême.	none	D’une façon douloureuse.	http://kaiko.getalp.org/dbnary/fra/__ws_2_cruellement__adv__1
	UND-2	Beaucoup, à l'extrême.	none	(Familier) Cruellement laid, très laid.	http://kaiko.getalp.org/dbnary/fra/__ws_3_cruellement__adv__1
	UND_1	D'une manière cruelle.	exact	D’une manière cruelle, avec cruauté.	http://kaiko.getalp.org/dbnary/fra/__ws_1_cruellement__adv__1
	UND_1	D'une manière cruelle.	related	D’une façon douloureuse.	http://kaiko.getalp.org/dbnary/fra/__ws_2_cruellement__adv__1
	UND_1	D'une manière cruelle.	none	(Familier) Cruellement laid, très laid.	http://kaiko.getalp.org/dbnary/fra/__ws_3_cruellement__adv__1
apposition|noun|feminine					
https://www.cnrtl.fr/definition/7670					
http://kaiko.getalp.org/dbnary/fra/apposition__nom__1					
	B._1.UND-2	Application interne ou externe de substances médicamenteuses sur telle ou telle partie du corps	none	(Minéralogie, Physique) Jonction de certains corps à d’autres corps de même espèce, de leur simple rapprochement.	http://kaiko.getalp.org/dbnary/fra/__ws_2_apposition__nom__1
	B._1.UND-2	Application interne ou externe de substances médicamenteuses sur telle ou telle partie du corps	none	Action d’apposer.	http://kaiko.getalp.org/dbnary/fra/__ws_1_apposition__nom__1
	B._1.UND-2	Application interne ou externe de substances médicamenteuses sur telle ou telle partie du corps	none	(Grammaire) Nom, ou groupe de mots, apposé à un nom ou à un pronom soit avec la valeur d’un adjectif soit pour indiquer dans quelle classe on range la personne ou la chose désignée par ce nom ou ce pronom.	http://kaiko.getalp.org/dbnary/fra/__ws_3_apposition__nom__1
	B._2.UND-4	Jonction d'un corps à un autre corps de même espèce.	exact	(Minéralogie, Physique) Jonction de certains corps à d’autres corps de même espèce, de leur simple rapprochement.	http://kaiko.getalp.org/dbnary/fra/__ws_2_apposition__nom__1
	B._2.UND-4	Jonction d'un corps à un autre corps de même espèce.	none	Action d’apposer.	http://kaiko.getalp.org/dbnary/fra/__ws_1_apposition__nom__1
	B._2.UND-4	Jonction d'un corps à un autre corps de même espèce.	none	(Grammaire) Nom, ou groupe de mots, apposé à un nom ou à un pronom soit avec la valeur d’un adjectif soit pour indiquer dans quelle classe on range la personne ou la chose désignée par ce nom ou ce pronom.	http://kaiko.getalp.org/dbnary/fra/__ws_3_apposition__nom__1
	B._2.b)UND-5	Procédé de construction syntaxique par lequel un terme est transposé de la fonction d'attribut en fonction de déterminant immédiat (ou quasi immédiat) d'un autre mot avec lequel il a en commun de désigner le même référent : de la France (transposant Paris est la capitale : cas de déterminant immédiat), (avec interposition de la prép. cas de déterminant quasi immédiat).	none	(Minéralogie, Physique) Jonction de certains corps à d’autres corps de même espèce, de leur simple rapprochement.	http://kaiko.getalp.org/dbnary/fra/__ws_2_apposition__nom__1
	B._2.b)UND-5	Procédé de construction syntaxique par lequel un terme est transposé de la fonction d'attribut en fonction de déterminant immédiat (ou quasi immédiat) d'un autre mot avec lequel il a en commun de désigner le même référent : de la France (transposant Paris est la capitale : cas de déterminant immédiat), (avec interposition de la prép. cas de déterminant quasi immédiat).	narrower	Action d’apposer.	http://kaiko.getalp.org/dbnary/fra/__ws_1_apposition__nom__1
	B._2.b)UND-5	Procédé de construction syntaxique par lequel un terme est transposé de la fonction d'attribut en fonction de déterminant immédiat (ou quasi immédiat) d'un autre mot avec lequel il a en commun de désigner le même référent : de la France (transposant Paris est la capitale : cas de déterminant immédiat), (avec interposition de la prép. cas de déterminant quasi immédiat).	narrower	(Grammaire) Nom, ou groupe de mots, apposé à un nom ou à un pronom soit avec la valeur d’un adjectif soit pour indiquer dans quelle classe on range la personne ou la chose désignée par ce nom ou ce pronom.	http://kaiko.getalp.org/dbnary/fra/__ws_3_apposition__nom__1
	UND-1	Action d'apposer	broader	(Minéralogie, Physique) Jonction de certains corps à d’autres corps de même espèce, de leur simple rapprochement.	http://kaiko.getalp.org/dbnary/fra/__ws_2_apposition__nom__1
	UND-1	Action d'apposer	exact	Action d’apposer.	http://kaiko.getalp.org/dbnary/fra/__ws_1_apposition__nom__1
	UND-1	Action d'apposer	none	(Grammaire) Nom, ou groupe de mots, apposé à un nom ou à un pronom soit avec la valeur d’un adjectif soit pour indiquer dans quelle classe on range la personne ou la chose désignée par ce nom ou ce pronom.	http://kaiko.getalp.org/dbnary/fra/__ws_3_apposition__nom__1
darse|noun|feminine					
https://www.cnrtl.fr/definition/24166					
http://kaiko.getalp.org/dbnary/fra/darse__nom__1					
	UND_1	Bassin abrité à l'intérieur d'un port et où l'on pouvait effectuer en sécurité la réparation ou l'armement des petits bâtiments.	related	(Marine) Bassin rectangulaire destiné principalement à l’accostage des cargos.	http://kaiko.getalp.org/dbnary/fra/__ws_2_darse__nom__1
	UND_1	Bassin abrité à l'intérieur d'un port et où l'on pouvait effectuer en sécurité la réparation ou l'armement des petits bâtiments.	related	(Marine) Partie intérieure des ports de la Méditerranée, où il n’y a pas de marée.	http://kaiko.getalp.org/dbnary/fra/__ws_1_darse__nom__1
	UND_1	Bassin abrité à l'intérieur d'un port et où l'on pouvait effectuer en sécurité la réparation ou l'armement des petits bâtiments.	related	(Marine) Structure de quai permettant à un élévateur à bateaux de se placer au-dessus d’une embarcation pour la sortir de l’eau.	http://kaiko.getalp.org/dbnary/fra/__ws_3_darse__nom__1
bâillement|noun|masculine					
https://www.cnrtl.fr/definition/11102					
http://kaiko.getalp.org/dbnary/fra/bâillement__nom__1					
	A._UND-1	Action de bâiller; résultat de cette action.	none	(Figuré) Ouverture, vide.	http://kaiko.getalp.org/dbnary/fra/__ws_2_bâillement__nom__1
	A._UND-1	Action de bâiller; résultat de cette action.	broader	Action de bâiller, par fatigue ou pour exprimer son ennui ou un état de bien-être caractérisé par le repos.	http://kaiko.getalp.org/dbnary/fra/__ws_1_bâillement__nom__1
	A._UND-1	Action de bâiller; résultat de cette action.	none	(Vieilli) Hiatus.	http://kaiko.getalp.org/dbnary/fra/__ws_3_bâillement__nom__1
	A._UND-3	Maladie de certains gallinacés	none	(Figuré) Ouverture, vide.	http://kaiko.getalp.org/dbnary/fra/__ws_2_bâillement__nom__1
	A._UND-3	Maladie de certains gallinacés	none	Action de bâiller, par fatigue ou pour exprimer son ennui ou un état de bien-être caractérisé par le repos.	http://kaiko.getalp.org/dbnary/fra/__ws_1_bâillement__nom__1
	A._UND-3	Maladie de certains gallinacés	none	(Vieilli) Hiatus.	http://kaiko.getalp.org/dbnary/fra/__ws_3_bâillement__nom__1
	B._UND-4	État de ce qui est entrouvert, béant	related	(Figuré) Ouverture, vide.	http://kaiko.getalp.org/dbnary/fra/__ws_2_bâillement__nom__1
	B._UND-4	État de ce qui est entrouvert, béant	none	Action de bâiller, par fatigue ou pour exprimer son ennui ou un état de bien-être caractérisé par le repos.	http://kaiko.getalp.org/dbnary/fra/__ws_1_bâillement__nom__1
	B._UND-4	État de ce qui est entrouvert, béant	none	(Vieilli) Hiatus.	http://kaiko.getalp.org/dbnary/fra/__ws_3_bâillement__nom__1
	B._UND-6	Effet produit par la rencontre de deux voyelles.	none	(Figuré) Ouverture, vide.	http://kaiko.getalp.org/dbnary/fra/__ws_2_bâillement__nom__1
	B._UND-6	Effet produit par la rencontre de deux voyelles.	none	Action de bâiller, par fatigue ou pour exprimer son ennui ou un état de bien-être caractérisé par le repos.	http://kaiko.getalp.org/dbnary/fra/__ws_1_bâillement__nom__1
	B._UND-6	Effet produit par la rencontre de deux voyelles.	related	(Vieilli) Hiatus.	http://kaiko.getalp.org/dbnary/fra/__ws_3_bâillement__nom__1
domestication|noun|feminine					
https://www.cnrtl.fr/definition/27765					
http://kaiko.getalp.org/dbnary/fra/domestication__nom__1					
	UND-1	Apprivoisement des animaux.	narrower	Action de domestiquer.	http://kaiko.getalp.org/dbnary/fra/__ws_1_domestication__nom__1
	UND-1	Apprivoisement des animaux.	none	(Figuré) (Plus rare) Action de soumettre quelqu’un aux travaux domestiques.	http://kaiko.getalp.org/dbnary/fra/__ws_2_domestication__nom__1
	UND-2	Assujettissement, asservissement (de personnes, de groupes humains, d'idées).	none	Action de domestiquer.	http://kaiko.getalp.org/dbnary/fra/__ws_1_domestication__nom__1
	UND-2	Assujettissement, asservissement (de personnes, de groupes humains, d'idées).	broader	(Figuré) (Plus rare) Action de soumettre quelqu’un aux travaux domestiques.	http://kaiko.getalp.org/dbnary/fra/__ws_2_domestication__nom__1
	UND_1	Action de domestiquer.	exact	Action de domestiquer.	http://kaiko.getalp.org/dbnary/fra/__ws_1_domestication__nom__1
	UND_1	Action de domestiquer.	none	(Figuré) (Plus rare) Action de soumettre quelqu’un aux travaux domestiques.	http://kaiko.getalp.org/dbnary/fra/__ws_2_domestication__nom__1
phonique|adjective|					
https://www.cnrtl.fr/definition/63751					
http://kaiko.getalp.org/dbnary/fra/phonique__adj__1					
	A._UND-1	Procédé par lequel on tire un effet de l'emploi des sons	none	Qui a rapport à la voix.	http://kaiko.getalp.org/dbnary/fra/__ws_1_phonique__adj__1
	A._UND-1	Procédé par lequel on tire un effet de l'emploi des sons	none	(Grammaire) (Vieilli) Qualifie les signes destinés à représenter les sons articulés.	http://kaiko.getalp.org/dbnary/fra/__ws_2_phonique__adj__1
	A._UND-2	Mot composé d'un ou, plus généralement, de plusieurs mots graphiques [qui] correspond à une unité syntaxique	none	Qui a rapport à la voix.	http://kaiko.getalp.org/dbnary/fra/__ws_1_phonique__adj__1
	A._UND-2	Mot composé d'un ou, plus généralement, de plusieurs mots graphiques [qui] correspond à une unité syntaxique	none	(Grammaire) (Vieilli) Qualifie les signes destinés à représenter les sons articulés.	http://kaiko.getalp.org/dbnary/fra/__ws_2_phonique__adj__1
	A._UND-3	Classement adopté par certains types de dictionnaires et fondé sur l'aspect sonore des mots	none	Qui a rapport à la voix.	http://kaiko.getalp.org/dbnary/fra/__ws_1_phonique__adj__1
	A._UND-3	Classement adopté par certains types de dictionnaires et fondé sur l'aspect sonore des mots	none	(Grammaire) (Vieilli) Qualifie les signes destinés à représenter les sons articulés.	http://kaiko.getalp.org/dbnary/fra/__ws_2_phonique__adj__1
	UND-4	Relatif aux sons, à la voix.	broader	Qui a rapport à la voix.	http://kaiko.getalp.org/dbnary/fra/__ws_1_phonique__adj__1
	UND-4	Relatif aux sons, à la voix.	none	(Grammaire) (Vieilli) Qualifie les signes destinés à représenter les sons articulés.	http://kaiko.getalp.org/dbnary/fra/__ws_2_phonique__adj__1
	UND-5	Isolation, isolant destiné(e) à protéger de la nuisance des bruits et des sons.	none	Qui a rapport à la voix.	http://kaiko.getalp.org/dbnary/fra/__ws_1_phonique__adj__1
	UND-5	Isolation, isolant destiné(e) à protéger de la nuisance des bruits et des sons.	none	(Grammaire) (Vieilli) Qualifie les signes destinés à représenter les sons articulés.	http://kaiko.getalp.org/dbnary/fra/__ws_2_phonique__adj__1
répertoire|noun|masculine					
https://www.cnrtl.fr/definition/73633					
http://kaiko.getalp.org/dbnary/fra/répertoire__nom__1					
	A._2.UND-2	Registre sur lequel les artisans sont tenus de se faire inscrire dans les deux mois du jour où ils commencent leur activité	none	(Par extension) Ensemble des œuvres qu’a l’habitude de faire entendre un musicien, un chanteur, une personne qui récite en public, etc.	http://kaiko.getalp.org/dbnary/fra/__ws_4_répertoire__nom__1
	A._2.UND-2	Registre sur lequel les artisans sont tenus de se faire inscrire dans les deux mois du jour où ils commencent leur activité	narrower	Recueil.	http://kaiko.getalp.org/dbnary/fra/__ws_2_répertoire__nom__1
	A._2.UND-2	Registre sur lequel les artisans sont tenus de se faire inscrire dans les deux mois du jour où ils commencent leur activité	none	(Par extension) Personne amplement pourvue d’informations et de souvenirs, et qui est toujours prête à en instruire les autres.	http://kaiko.getalp.org/dbnary/fra/__ws_6_répertoire__nom__1
	A._2.UND-2	Registre sur lequel les artisans sont tenus de se faire inscrire dans les deux mois du jour où ils commencent leur activité	narrower	Inventaire méthodique, lexique où les matières sont rangées dans un ordre qui permet de les retrouver facilement.	http://kaiko.getalp.org/dbnary/fra/__ws_1_répertoire__nom__1
	A._2.UND-2	Registre sur lequel les artisans sont tenus de se faire inscrire dans les deux mois du jour où ils commencent leur activité	none	(Figuré) Recueil d’un ensemble de faits, de connaissances.	http://kaiko.getalp.org/dbnary/fra/__ws_5_répertoire__nom__1
	A._2.UND-2	Registre sur lequel les artisans sont tenus de se faire inscrire dans les deux mois du jour où ils commencent leur activité	none	(Informatique) Liste d’identificateurs, classement selon des arguments appropriés, permettant l’accès aux informations qu’ils désignent.	http://kaiko.getalp.org/dbnary/fra/__ws_7_répertoire__nom__1
	A._2.UND-2	Registre sur lequel les artisans sont tenus de se faire inscrire dans les deux mois du jour où ils commencent leur activité	none	(Théâtre) Liste des pièces restées au théâtre et susceptibles d’être reprises.	http://kaiko.getalp.org/dbnary/fra/__ws_3_répertoire__nom__1
	A._2.UND-3	Ensemble d'unités linguistiques et de lois d'assemblage de ces unités (phonologiques, morpho-syntaxiques, lexico-sémantiques) dont dispose le sujet pour décoder la parole	none	(Par extension) Ensemble des œuvres qu’a l’habitude de faire entendre un musicien, un chanteur, une personne qui récite en public, etc.	http://kaiko.getalp.org/dbnary/fra/__ws_4_répertoire__nom__1
	A._2.UND-3	Ensemble d'unités linguistiques et de lois d'assemblage de ces unités (phonologiques, morpho-syntaxiques, lexico-sémantiques) dont dispose le sujet pour décoder la parole	none	Recueil.	http://kaiko.getalp.org/dbnary/fra/__ws_2_répertoire__nom__1
	A._2.UND-3	Ensemble d'unités linguistiques et de lois d'assemblage de ces unités (phonologiques, morpho-syntaxiques, lexico-sémantiques) dont dispose le sujet pour décoder la parole	none	(Par extension) Personne amplement pourvue d’informations et de souvenirs, et qui est toujours prête à en instruire les autres.	http://kaiko.getalp.org/dbnary/fra/__ws_6_répertoire__nom__1
	A._2.UND-3	Ensemble d'unités linguistiques et de lois d'assemblage de ces unités (phonologiques, morpho-syntaxiques, lexico-sémantiques) dont dispose le sujet pour décoder la parole	none	Inventaire méthodique, lexique où les matières sont rangées dans un ordre qui permet de les retrouver facilement.	http://kaiko.getalp.org/dbnary/fra/__ws_1_répertoire__nom__1
	A._2.UND-3	Ensemble d'unités linguistiques et de lois d'assemblage de ces unités (phonologiques, morpho-syntaxiques, lexico-sémantiques) dont dispose le sujet pour décoder la parole	none	(Figuré) Recueil d’un ensemble de faits, de connaissances.	http://kaiko.getalp.org/dbnary/fra/__ws_5_répertoire__nom__1
	A._2.UND-3	Ensemble d'unités linguistiques et de lois d'assemblage de ces unités (phonologiques, morpho-syntaxiques, lexico-sémantiques) dont dispose le sujet pour décoder la parole	none	(Informatique) Liste d’identificateurs, classement selon des arguments appropriés, permettant l’accès aux informations qu’ils désignent.	http://kaiko.getalp.org/dbnary/fra/__ws_7_répertoire__nom__1
	A._2.UND-3	Ensemble d'unités linguistiques et de lois d'assemblage de ces unités (phonologiques, morpho-syntaxiques, lexico-sémantiques) dont dispose le sujet pour décoder la parole	none	(Théâtre) Liste des pièces restées au théâtre et susceptibles d’être reprises.	http://kaiko.getalp.org/dbnary/fra/__ws_3_répertoire__nom__1
	A._UND-1	Inventaire méthodique (énumération, liste, table, etc.) où les informations sont classées dans un ordre qui permet de les retrouver facilement; , le support de ces informations.	none	(Par extension) Ensemble des œuvres qu’a l’habitude de faire entendre un musicien, un chanteur, une personne qui récite en public, etc.	http://kaiko.getalp.org/dbnary/fra/__ws_4_répertoire__nom__1
	A._UND-1	Inventaire méthodique (énumération, liste, table, etc.) où les informations sont classées dans un ordre qui permet de les retrouver facilement; , le support de ces informations.	narrower	Recueil.	http://kaiko.getalp.org/dbnary/fra/__ws_2_répertoire__nom__1
	A._UND-1	Inventaire méthodique (énumération, liste, table, etc.) où les informations sont classées dans un ordre qui permet de les retrouver facilement; , le support de ces informations.	none	(Par extension) Personne amplement pourvue d’informations et de souvenirs, et qui est toujours prête à en instruire les autres.	http://kaiko.getalp.org/dbnary/fra/__ws_6_répertoire__nom__1
	A._UND-1	Inventaire méthodique (énumération, liste, table, etc.) où les informations sont classées dans un ordre qui permet de les retrouver facilement; , le support de ces informations.	narrower	Inventaire méthodique, lexique où les matières sont rangées dans un ordre qui permet de les retrouver facilement.	http://kaiko.getalp.org/dbnary/fra/__ws_1_répertoire__nom__1
	A._UND-1	Inventaire méthodique (énumération, liste, table, etc.) où les informations sont classées dans un ordre qui permet de les retrouver facilement; , le support de ces informations.	narrower	(Figuré) Recueil d’un ensemble de faits, de connaissances.	http://kaiko.getalp.org/dbnary/fra/__ws_5_répertoire__nom__1
	A._UND-1	Inventaire méthodique (énumération, liste, table, etc.) où les informations sont classées dans un ordre qui permet de les retrouver facilement; , le support de ces informations.	none	(Informatique) Liste d’identificateurs, classement selon des arguments appropriés, permettant l’accès aux informations qu’ils désignent.	http://kaiko.getalp.org/dbnary/fra/__ws_7_répertoire__nom__1
	A._UND-1	Inventaire méthodique (énumération, liste, table, etc.) où les informations sont classées dans un ordre qui permet de les retrouver facilement; , le support de ces informations.	none	(Théâtre) Liste des pièces restées au théâtre et susceptibles d’être reprises.	http://kaiko.getalp.org/dbnary/fra/__ws_3_répertoire__nom__1
	B._1.UND-5	Le répertoire classique en musique ou en art dramatique.	none	(Par extension) Ensemble des œuvres qu’a l’habitude de faire entendre un musicien, un chanteur, une personne qui récite en public, etc.	http://kaiko.getalp.org/dbnary/fra/__ws_4_répertoire__nom__1
	B._1.UND-5	Le répertoire classique en musique ou en art dramatique.	none	Recueil.	http://kaiko.getalp.org/dbnary/fra/__ws_2_répertoire__nom__1
	B._1.UND-5	Le répertoire classique en musique ou en art dramatique.	none	(Par extension) Personne amplement pourvue d’informations et de souvenirs, et qui est toujours prête à en instruire les autres.	http://kaiko.getalp.org/dbnary/fra/__ws_6_répertoire__nom__1
	B._1.UND-5	Le répertoire classique en musique ou en art dramatique.	narrower	Inventaire méthodique, lexique où les matières sont rangées dans un ordre qui permet de les retrouver facilement.	http://kaiko.getalp.org/dbnary/fra/__ws_1_répertoire__nom__1
	B._1.UND-5	Le répertoire classique en musique ou en art dramatique.	none	(Figuré) Recueil d’un ensemble de faits, de connaissances.	http://kaiko.getalp.org/dbnary/fra/__ws_5_répertoire__nom__1
	B._1.UND-5	Le répertoire classique en musique ou en art dramatique.	none	(Informatique) Liste d’identificateurs, classement selon des arguments appropriés, permettant l’accès aux informations qu’ils désignent.	http://kaiko.getalp.org/dbnary/fra/__ws_7_répertoire__nom__1
	B._1.UND-5	Le répertoire classique en musique ou en art dramatique.	related	(Théâtre) Liste des pièces restées au théâtre et susceptibles d’être reprises.	http://kaiko.getalp.org/dbnary/fra/__ws_3_répertoire__nom__1
	B._1.UND-6	Ensemble d'uvres appartenant à une même catégorie.	broader	(Par extension) Ensemble des œuvres qu’a l’habitude de faire entendre un musicien, un chanteur, une personne qui récite en public, etc.	http://kaiko.getalp.org/dbnary/fra/__ws_4_répertoire__nom__1
	B._1.UND-6	Ensemble d'uvres appartenant à une même catégorie.	narrower	Recueil.	http://kaiko.getalp.org/dbnary/fra/__ws_2_répertoire__nom__1
	B._1.UND-6	Ensemble d'uvres appartenant à une même catégorie.	none	(Par extension) Personne amplement pourvue d’informations et de souvenirs, et qui est toujours prête à en instruire les autres.	http://kaiko.getalp.org/dbnary/fra/__ws_6_répertoire__nom__1
	B._1.UND-6	Ensemble d'uvres appartenant à une même catégorie.	related	Inventaire méthodique, lexique où les matières sont rangées dans un ordre qui permet de les retrouver facilement.	http://kaiko.getalp.org/dbnary/fra/__ws_1_répertoire__nom__1
	B._1.UND-6	Ensemble d'uvres appartenant à une même catégorie.	related	(Figuré) Recueil d’un ensemble de faits, de connaissances.	http://kaiko.getalp.org/dbnary/fra/__ws_5_répertoire__nom__1
	B._1.UND-6	Ensemble d'uvres appartenant à une même catégorie.	none	(Informatique) Liste d’identificateurs, classement selon des arguments appropriés, permettant l’accès aux informations qu’ils désignent.	http://kaiko.getalp.org/dbnary/fra/__ws_7_répertoire__nom__1
	B._1.UND-6	Ensemble d'uvres appartenant à une même catégorie.	related	(Théâtre) Liste des pièces restées au théâtre et susceptibles d’être reprises.	http://kaiko.getalp.org/dbnary/fra/__ws_3_répertoire__nom__1
	B._2.UND-8	Ensemble des uvres, des numéros, des rôles qu'un artiste, un comédien, un chanteur a l'habitude de jouer, d'interpréter, de représenter.	exact	(Par extension) Ensemble des œuvres qu’a l’habitude de faire entendre un musicien, un chanteur, une personne qui récite en public, etc.	http://kaiko.getalp.org/dbnary/fra/__ws_4_répertoire__nom__1
	B._2.UND-8	Ensemble des uvres, des numéros, des rôles qu'un artiste, un comédien, un chanteur a l'habitude de jouer, d'interpréter, de représenter.	none	Recueil.	http://kaiko.getalp.org/dbnary/fra/__ws_2_répertoire__nom__1
	B._2.UND-8	Ensemble des uvres, des numéros, des rôles qu'un artiste, un comédien, un chanteur a l'habitude de jouer, d'interpréter, de représenter.	none	(Par extension) Personne amplement pourvue d’informations et de souvenirs, et qui est toujours prête à en instruire les autres.	http://kaiko.getalp.org/dbnary/fra/__ws_6_répertoire__nom__1
	B._2.UND-8	Ensemble des uvres, des numéros, des rôles qu'un artiste, un comédien, un chanteur a l'habitude de jouer, d'interpréter, de représenter.	none	Inventaire méthodique, lexique où les matières sont rangées dans un ordre qui permet de les retrouver facilement.	http://kaiko.getalp.org/dbnary/fra/__ws_1_répertoire__nom__1
	B._2.UND-8	Ensemble des uvres, des numéros, des rôles qu'un artiste, un comédien, un chanteur a l'habitude de jouer, d'interpréter, de représenter.	none	(Figuré) Recueil d’un ensemble de faits, de connaissances.	http://kaiko.getalp.org/dbnary/fra/__ws_5_répertoire__nom__1
	B._2.UND-8	Ensemble des uvres, des numéros, des rôles qu'un artiste, un comédien, un chanteur a l'habitude de jouer, d'interpréter, de représenter.	none	(Informatique) Liste d’identificateurs, classement selon des arguments appropriés, permettant l’accès aux informations qu’ils désignent.	http://kaiko.getalp.org/dbnary/fra/__ws_7_répertoire__nom__1
	B._2.UND-8	Ensemble des uvres, des numéros, des rôles qu'un artiste, un comédien, un chanteur a l'habitude de jouer, d'interpréter, de représenter.	related	(Théâtre) Liste des pièces restées au théâtre et susceptibles d’être reprises.	http://kaiko.getalp.org/dbnary/fra/__ws_3_répertoire__nom__1
	B._2.b)UND-10	Ensemble de mots, de gestes, d'artifices qu'une personne emploie habituellement.	broader	(Par extension) Ensemble des œuvres qu’a l’habitude de faire entendre un musicien, un chanteur, une personne qui récite en public, etc.	http://kaiko.getalp.org/dbnary/fra/__ws_4_répertoire__nom__1
	B._2.b)UND-10	Ensemble de mots, de gestes, d'artifices qu'une personne emploie habituellement.	none	Recueil.	http://kaiko.getalp.org/dbnary/fra/__ws_2_répertoire__nom__1
	B._2.b)UND-10	Ensemble de mots, de gestes, d'artifices qu'une personne emploie habituellement.	none	(Par extension) Personne amplement pourvue d’informations et de souvenirs, et qui est toujours prête à en instruire les autres.	http://kaiko.getalp.org/dbnary/fra/__ws_6_répertoire__nom__1
	B._2.b)UND-10	Ensemble de mots, de gestes, d'artifices qu'une personne emploie habituellement.	none	Inventaire méthodique, lexique où les matières sont rangées dans un ordre qui permet de les retrouver facilement.	http://kaiko.getalp.org/dbnary/fra/__ws_1_répertoire__nom__1
	B._2.b)UND-10	Ensemble de mots, de gestes, d'artifices qu'une personne emploie habituellement.	none	(Figuré) Recueil d’un ensemble de faits, de connaissances.	http://kaiko.getalp.org/dbnary/fra/__ws_5_répertoire__nom__1
	B._2.b)UND-10	Ensemble de mots, de gestes, d'artifices qu'une personne emploie habituellement.	none	(Informatique) Liste d’identificateurs, classement selon des arguments appropriés, permettant l’accès aux informations qu’ils désignent.	http://kaiko.getalp.org/dbnary/fra/__ws_7_répertoire__nom__1
	B._2.b)UND-10	Ensemble de mots, de gestes, d'artifices qu'une personne emploie habituellement.	none	(Théâtre) Liste des pièces restées au théâtre et susceptibles d’être reprises.	http://kaiko.getalp.org/dbnary/fra/__ws_3_répertoire__nom__1
	B._2.b)UND-11	Ensemble des valeurs, des règles auquel se conforme un individu, une communauté.	none	(Par extension) Ensemble des œuvres qu’a l’habitude de faire entendre un musicien, un chanteur, une personne qui récite en public, etc.	http://kaiko.getalp.org/dbnary/fra/__ws_4_répertoire__nom__1
	B._2.b)UND-11	Ensemble des valeurs, des règles auquel se conforme un individu, une communauté.	none	Recueil.	http://kaiko.getalp.org/dbnary/fra/__ws_2_répertoire__nom__1
	B._2.b)UND-11	Ensemble des valeurs, des règles auquel se conforme un individu, une communauté.	none	(Par extension) Personne amplement pourvue d’informations et de souvenirs, et qui est toujours prête à en instruire les autres.	http://kaiko.getalp.org/dbnary/fra/__ws_6_répertoire__nom__1
	B._2.b)UND-11	Ensemble des valeurs, des règles auquel se conforme un individu, une communauté.	none	Inventaire méthodique, lexique où les matières sont rangées dans un ordre qui permet de les retrouver facilement.	http://kaiko.getalp.org/dbnary/fra/__ws_1_répertoire__nom__1
	B._2.b)UND-11	Ensemble des valeurs, des règles auquel se conforme un individu, une communauté.	narrower	(Figuré) Recueil d’un ensemble de faits, de connaissances.	http://kaiko.getalp.org/dbnary/fra/__ws_5_répertoire__nom__1
	B._2.b)UND-11	Ensemble des valeurs, des règles auquel se conforme un individu, une communauté.	none	(Informatique) Liste d’identificateurs, classement selon des arguments appropriés, permettant l’accès aux informations qu’ils désignent.	http://kaiko.getalp.org/dbnary/fra/__ws_7_répertoire__nom__1
	B._2.b)UND-11	Ensemble des valeurs, des règles auquel se conforme un individu, une communauté.	none	(Théâtre) Liste des pièces restées au théâtre et susceptibles d’être reprises.	http://kaiko.getalp.org/dbnary/fra/__ws_3_répertoire__nom__1
	B._2.b)UND-9	Ensemble des histoires, des chansons, des tours qu'une personne quelconque peut produire ou interpréter.	exact	(Par extension) Ensemble des œuvres qu’a l’habitude de faire entendre un musicien, un chanteur, une personne qui récite en public, etc.	http://kaiko.getalp.org/dbnary/fra/__ws_4_répertoire__nom__1
	B._2.b)UND-9	Ensemble des histoires, des chansons, des tours qu'une personne quelconque peut produire ou interpréter.	narrower	Recueil.	http://kaiko.getalp.org/dbnary/fra/__ws_2_répertoire__nom__1
	B._2.b)UND-9	Ensemble des histoires, des chansons, des tours qu'une personne quelconque peut produire ou interpréter.	none	(Par extension) Personne amplement pourvue d’informations et de souvenirs, et qui est toujours prête à en instruire les autres.	http://kaiko.getalp.org/dbnary/fra/__ws_6_répertoire__nom__1
	B._2.b)UND-9	Ensemble des histoires, des chansons, des tours qu'une personne quelconque peut produire ou interpréter.	none	Inventaire méthodique, lexique où les matières sont rangées dans un ordre qui permet de les retrouver facilement.	http://kaiko.getalp.org/dbnary/fra/__ws_1_répertoire__nom__1
	B._2.b)UND-9	Ensemble des histoires, des chansons, des tours qu'une personne quelconque peut produire ou interpréter.	none	(Figuré) Recueil d’un ensemble de faits, de connaissances.	http://kaiko.getalp.org/dbnary/fra/__ws_5_répertoire__nom__1
	B._2.b)UND-9	Ensemble des histoires, des chansons, des tours qu'une personne quelconque peut produire ou interpréter.	none	(Informatique) Liste d’identificateurs, classement selon des arguments appropriés, permettant l’accès aux informations qu’ils désignent.	http://kaiko.getalp.org/dbnary/fra/__ws_7_répertoire__nom__1
	B._2.b)UND-9	Ensemble des histoires, des chansons, des tours qu'une personne quelconque peut produire ou interpréter.	none	(Théâtre) Liste des pièces restées au théâtre et susceptibles d’être reprises.	http://kaiko.getalp.org/dbnary/fra/__ws_3_répertoire__nom__1
	B._UND-7	Liste des uvres qui forment le fonds habituel d'un théâtre ou d'une troupe, susceptibles d'être jouées, reprises à tout moment.	related	(Par extension) Ensemble des œuvres qu’a l’habitude de faire entendre un musicien, un chanteur, une personne qui récite en public, etc.	http://kaiko.getalp.org/dbnary/fra/__ws_4_répertoire__nom__1
	B._UND-7	Liste des uvres qui forment le fonds habituel d'un théâtre ou d'une troupe, susceptibles d'être jouées, reprises à tout moment.	none	Recueil.	http://kaiko.getalp.org/dbnary/fra/__ws_2_répertoire__nom__1
	B._UND-7	Liste des uvres qui forment le fonds habituel d'un théâtre ou d'une troupe, susceptibles d'être jouées, reprises à tout moment.	none	(Par extension) Personne amplement pourvue d’informations et de souvenirs, et qui est toujours prête à en instruire les autres.	http://kaiko.getalp.org/dbnary/fra/__ws_6_répertoire__nom__1
	B._UND-7	Liste des uvres qui forment le fonds habituel d'un théâtre ou d'une troupe, susceptibles d'être jouées, reprises à tout moment.	none	Inventaire méthodique, lexique où les matières sont rangées dans un ordre qui permet de les retrouver facilement.	http://kaiko.getalp.org/dbnary/fra/__ws_1_répertoire__nom__1
	B._UND-7	Liste des uvres qui forment le fonds habituel d'un théâtre ou d'une troupe, susceptibles d'être jouées, reprises à tout moment.	none	(Figuré) Recueil d’un ensemble de faits, de connaissances.	http://kaiko.getalp.org/dbnary/fra/__ws_5_répertoire__nom__1
	B._UND-7	Liste des uvres qui forment le fonds habituel d'un théâtre ou d'une troupe, susceptibles d'être jouées, reprises à tout moment.	none	(Informatique) Liste d’identificateurs, classement selon des arguments appropriés, permettant l’accès aux informations qu’ils désignent.	http://kaiko.getalp.org/dbnary/fra/__ws_7_répertoire__nom__1
	B._UND-7	Liste des uvres qui forment le fonds habituel d'un théâtre ou d'une troupe, susceptibles d'être jouées, reprises à tout moment.	exact	(Théâtre) Liste des pièces restées au théâtre et susceptibles d’être reprises.	http://kaiko.getalp.org/dbnary/fra/__ws_3_répertoire__nom__1
	UND-13	Ensemble d'éléments appartenant à un domaine particulier.	none	(Par extension) Ensemble des œuvres qu’a l’habitude de faire entendre un musicien, un chanteur, une personne qui récite en public, etc.	http://kaiko.getalp.org/dbnary/fra/__ws_4_répertoire__nom__1
	UND-13	Ensemble d'éléments appartenant à un domaine particulier.	none	Recueil.	http://kaiko.getalp.org/dbnary/fra/__ws_2_répertoire__nom__1
	UND-13	Ensemble d'éléments appartenant à un domaine particulier.	none	(Par extension) Personne amplement pourvue d’informations et de souvenirs, et qui est toujours prête à en instruire les autres.	http://kaiko.getalp.org/dbnary/fra/__ws_6_répertoire__nom__1
	UND-13	Ensemble d'éléments appartenant à un domaine particulier.	none	Inventaire méthodique, lexique où les matières sont rangées dans un ordre qui permet de les retrouver facilement.	http://kaiko.getalp.org/dbnary/fra/__ws_1_répertoire__nom__1
	UND-13	Ensemble d'éléments appartenant à un domaine particulier.	related	(Figuré) Recueil d’un ensemble de faits, de connaissances.	http://kaiko.getalp.org/dbnary/fra/__ws_5_répertoire__nom__1
	UND-13	Ensemble d'éléments appartenant à un domaine particulier.	none	(Informatique) Liste d’identificateurs, classement selon des arguments appropriés, permettant l’accès aux informations qu’ils désignent.	http://kaiko.getalp.org/dbnary/fra/__ws_7_répertoire__nom__1
	UND-13	Ensemble d'éléments appartenant à un domaine particulier.	none	(Théâtre) Liste des pièces restées au théâtre et susceptibles d’être reprises.	http://kaiko.getalp.org/dbnary/fra/__ws_3_répertoire__nom__1
subvention|noun|feminine					
https://www.cnrtl.fr/definition/81572					
http://kaiko.getalp.org/dbnary/fra/subvention__nom__1					
	B._2.UND-3	Somme d'argent que l'État, une collectivité locale ou un organisme privé accorde à un groupement, une association, une entreprise ou une personne pour favoriser le développement d'activités d'intérêt général.	none	Secours d’argent, subside exigé ou accordé pour subvenir dans un cas pressant à une dépense imprévue de l’État.	http://kaiko.getalp.org/dbnary/fra/__ws_1_subvention__nom__1
	B._2.UND-3	Somme d'argent que l'État, une collectivité locale ou un organisme privé accorde à un groupement, une association, une entreprise ou une personne pour favoriser le développement d'activités d'intérêt général.	narrower	Fonds que l’État, une société ou un mécène accorde à une entreprise pour la soutenir.	http://kaiko.getalp.org/dbnary/fra/__ws_2_subvention__nom__1
	B._2.UND-4	Aide en nature, en service.	broader	Secours d’argent, subside exigé ou accordé pour subvenir dans un cas pressant à une dépense imprévue de l’État.	http://kaiko.getalp.org/dbnary/fra/__ws_1_subvention__nom__1
	B._2.UND-4	Aide en nature, en service.	broader	Fonds que l’État, une société ou un mécène accorde à une entreprise pour la soutenir.	http://kaiko.getalp.org/dbnary/fra/__ws_2_subvention__nom__1
	B._2.UND-8	Somme versée par l'État à des producteurs ou vendeurs de certains biens relevant du secteur public ou privé, afin de permettre un abaissement artificiel des prix de vente ou de revient.	none	Secours d’argent, subside exigé ou accordé pour subvenir dans un cas pressant à une dépense imprévue de l’État.	http://kaiko.getalp.org/dbnary/fra/__ws_1_subvention__nom__1
	B._2.UND-8	Somme versée par l'État à des producteurs ou vendeurs de certains biens relevant du secteur public ou privé, afin de permettre un abaissement artificiel des prix de vente ou de revient.	narrower	Fonds que l’État, une société ou un mécène accorde à une entreprise pour la soutenir.	http://kaiko.getalp.org/dbnary/fra/__ws_2_subvention__nom__1
	B._2.c)UND-5	Subvention accordée par l'État ou une collectivité locale pour combler les pertes d'un organisme ou d'une entreprise.	none	Secours d’argent, subside exigé ou accordé pour subvenir dans un cas pressant à une dépense imprévue de l’État.	http://kaiko.getalp.org/dbnary/fra/__ws_1_subvention__nom__1
	B._2.c)UND-5	Subvention accordée par l'État ou une collectivité locale pour combler les pertes d'un organisme ou d'une entreprise.	narrower	Fonds que l’État, une société ou un mécène accorde à une entreprise pour la soutenir.	http://kaiko.getalp.org/dbnary/fra/__ws_2_subvention__nom__1
	B._2.c)UND-6	Subvention accordée par l'État ou une collectivité locale, destinée à compenser certaines charges ou insuffisances de recette.	none	Secours d’argent, subside exigé ou accordé pour subvenir dans un cas pressant à une dépense imprévue de l’État.	http://kaiko.getalp.org/dbnary/fra/__ws_1_subvention__nom__1
	B._2.c)UND-6	Subvention accordée par l'État ou une collectivité locale, destinée à compenser certaines charges ou insuffisances de recette.	related	Fonds que l’État, une société ou un mécène accorde à une entreprise pour la soutenir.	http://kaiko.getalp.org/dbnary/fra/__ws_2_subvention__nom__1
	B._2.c)UND-7	Subvention accordée par l'État ou une collectivité locale, destinée au financement des investissements.	related	Secours d’argent, subside exigé ou accordé pour subvenir dans un cas pressant à une dépense imprévue de l’État.	http://kaiko.getalp.org/dbnary/fra/__ws_1_subvention__nom__1
	B._2.c)UND-7	Subvention accordée par l'État ou une collectivité locale, destinée au financement des investissements.	none	Fonds que l’État, une société ou un mécène accorde à une entreprise pour la soutenir.	http://kaiko.getalp.org/dbnary/fra/__ws_2_subvention__nom__1
	B._UND-2	Taxe ou impôt demandé par l'État à toutes ou à certaines catégories de personnes pour couvrir une dépense imprévue.	exact	Secours d’argent, subside exigé ou accordé pour subvenir dans un cas pressant à une dépense imprévue de l’État.	http://kaiko.getalp.org/dbnary/fra/__ws_1_subvention__nom__1
	B._UND-2	Taxe ou impôt demandé par l'État à toutes ou à certaines catégories de personnes pour couvrir une dépense imprévue.	none	Fonds que l’État, une société ou un mécène accorde à une entreprise pour la soutenir.	http://kaiko.getalp.org/dbnary/fra/__ws_2_subvention__nom__1
	UND-1	Aide financière accordée à une personne à titre de secours.	none	Secours d’argent, subside exigé ou accordé pour subvenir dans un cas pressant à une dépense imprévue de l’État.	http://kaiko.getalp.org/dbnary/fra/__ws_1_subvention__nom__1
	UND-1	Aide financière accordée à une personne à titre de secours.	related	Fonds que l’État, une société ou un mécène accorde à une entreprise pour la soutenir.	http://kaiko.getalp.org/dbnary/fra/__ws_2_subvention__nom__1